2
100 200
41 18467 6334 26500 19169 15724 11478 29358 26962 24464 5705 28145 23281 16827 9961 491 2995 11942 4827 5436 32391 14604 3902 153 292 12382 17421 18716 19718 19895 5447 21726 14771 11538 1869 19912 25667 26299 17035 9894 28703 23811 31322 30333 17673 4664 15141 7711 28253 6868 25547 27644 32662 32757 20037 12859 8723 9741 27529 778 12316 3035 22190 1842 288 30106 9040 8942 19264 22648 27446 23805 15890 6729 24370 15350 15006 31101 24393 3548 19629 12623 24084 19954 18756 11840 4966 7376 13931 26308 16944 32439 24626 11323 5537 21538 16118 2082 22929 16541 
1 4833
4 4639
1 22704
2 13977
2 31673
1 5021
3 26924
5 6270
4 26777
3 5097
1 23986
2 9161
3 22355
5 23655
3 4031
1 27350
5 16941
1 13966
2 31107
3 18007
3 15457
4 27753
5 14945
4 32209
4 24221
2 6422
1 27506
4 16413
2 900
1 18762
5 17410
3 27624
4 21548
2 27595
1 3602
2 10291
1 9374
2 4596
5 27348
5 19668
5 8281
5 53
4 26418
4 6900
3 18127
4 3728
4 24648
2 17807
3 14310
5 22813
2 14309
2 18935
5 20600
2 16519
4 22798
4 6224
5 5844
3 14989
1 3195
4 3093
3 30523
4 29314
1 7448
4 13458
2 20580
2 14798
4 19589
3 28009
3 20472
3 18538
5 6038
3 18190
2 7958
4 19815
2 19156
5 16202
1 24272
2 20328
2 26362
4 18875
3 29869
2 23844
4 21881
2 10322
5 10021
2 3557
5 27892
3 5075
1 2600
5 21003
4 17861
5 13401
4 15255
1 5002
1 24182
2 27088
3 28617
3 9832
5 4169
5 25721
5 19976
3 2368
1 21425
5 3434
3 7441
1 30145
4 21718
4 16139
2 16279
5 16687
3 22549
5 19866
1 193
2 3297
1 28286
3 24488
5 12455
2 18114
2 31316
4 5786
1 4313
4 31185
4 912
1 1832
2 4313
4 28321
3 23646
5 481
3 23196
2 7129
1 5535
2 11173
5 12044
5 26292
5 17253
1 26154
5 4745
4 13186
3 4474
4 2168
1 18787
2 17958
1 10202
5 26477
5 9314
5 29334
5 24372
1 11833
3 7487
3 7518
1 17773
4 1763
1 17192
1 3102
3 29213
5 4802
1 30527
5 1543
3 11023
2 13061
3 31003
4 17505
2 22725
3 8492
2 17222
1 13064
1 19187
5 22413
1 14270
4 235
1 19711
3 18896
1 7285
5 140
5 2695
1 28019
5 26576
3 22658
2 17371
4 4678
5 23851
5 1018
3 21119
3 2800
2 31060
3 9010
1 32170
3 9576
4 12043
5 7164
2 7882
3 29565
5 29577
3 2625
4 5629
1 25423
3 6902
2 123
2 3737
1 10195
100 200
1264 8260 6202 8116 5030 20326 29011 30771 6411 25547 21153 21520 29790 14924 30188 21763 4940 20851 18662 13829 30900 17713 18958 17578 8365 13007 11477 1200 26058 6439 2303 12760 19357 2324 6477 5108 21113 14887 19801 22850 14460 22428 12993 27384 19405 6540 31111 28704 12835 32356 6072 29350 18823 14485 20556 23216 1626 9357 8526 13357 29337 23271 23869 29361 12896 13022 29617 10112 12717 18696 11585 24041 24423 24129 24229 4565 6559 8932 22296 29855 12053 16962 3584 29734 6654 16972 21457 14369 22532 2963 2607 2483 911 11635 10067 22848 4675 12938 2223 22142 
2 23754
1 22741
1 21459
1 3221
5 1626
4 15205
4 23850
2 22279
5 12193
5 1637
4 5556
1 10176
4 6962
1 15881
2 14413
1 19855
3 13142
3 27611
4 20424
4 1752
4 28296
4 10040
3 875
1 12818
3 1017
1 28112
2 13169
4 20040
1 28685
5 19497
1 25990
5 19353
1 18651
4 22044
5 335
1 11192
2 25264
5 28503
4 23775
3 29292
2 17549
3 25561
2 6467
1 26129
5 27813
3 20601
4 20215
3 8213
2 25824
5 23392
4 2670
5 28027
2 10075
1 15498
3 6287
4 32604
4 21221
4 5706
2 9010
1 27489
3 12164
4 7619
5 7591
3 31818
1 750
5 4975
3 303
3 21098
4 13584
5 2971
1 22913
3 21545
4 17546
3 1769
1 8519
5 28289
1 2865
4 23245
1 28318
4 9601
3 21132
3 27152
4 28570
4 29901
3 14423
5 11600
1 14015
4 28
4 25347
3 2943
4 22409
2 5049
3 1588
1 608
4 21221
4 29954
1 14146
4 7949
1 21430
3 748
4 4536
2 18035
4 15185
5 9853
4 11224
5 19923
2 32257
1 4944
2 23318
1 25411
2 20355
2 22549
1 18584
3 17964
4 8075
2 16142
3 21948
2 20426
5 26173
1 32404
3 20626
4 19375
2 16565
2 14736
5 30814
3 8256
4 23936
1 20482
2 21015
2 18230
2 14625
2 32637
1 19690
5 5662
4 10893
3 21416
3 14008
5 22233
5 16303
2 26303
5 148
4 12317
4 27109
1 29200
4 21318
1 24050
5 31361
2 11903
5 29643
2 14902
4 28489
4 1282
1 30674
4 5402
5 3831
5 3878
5 19008
4 23971
2 21945
3 26504
4 32685
5 6698
4 12722
1 19037
5 31461
2 12508
4 3959
5 1515
5 24937
1 58
5 13971
1 15117
1 24555
5 18330
4 30212
5 28082
1 16085
5 24484
1 8380
2 25951
5 18115
4 17110
4 23073
3 23977
5 29956
4 26113
1 12941
4 1723
5 28
1 24778
1 5071
2 21974
3 11333
1 26153
1 32168
5 9676
4 28650
4 3309
1 4686
5 10116
